Met6:[{0: '0.014', 1: '0.905', 2: '0.080'}, {0: '0.012', 1: '0.908', 2: '0.079'}, {0: '0.013', 1: '0.911', 2: '0.075'}, {0: '0.013', 1: '0.906', 2: '0.079'}, {0: '0.013', 1: '0.916', 2: '0.070'}, {0: '0.013', 1: '0.907', 2: '0.078'}, {0: '0.012', 1: '0.904', 2: '0.082'}, {0: '0.013', 1: '0.910', 2: '0.075'}, {0: '0.013', 1: '0.904', 2: '0.081'}, {0: '0.013', 1: '0.910', 2: '0.075'}]
Slice6:[{0: '0.024', 1: '0.883', 2: '0.092'}, {0: '0.025', 1: '0.884', 2: '0.090'}, {0: '0.023', 1: '0.895', 2: '0.080'}, {0: '0.025', 1: '0.888', 2: '0.085'}, {0: '0.023', 1: '0.881', 2: '0.095'}, {0: '0.024', 1: '0.881', 2: '0.094'}, {0: '0.025', 1: '0.886', 2: '0.087'}, {0: '0.024', 1: '0.884', 2: '0.091'}, {0: '0.025', 1: '0.888', 2: '0.086'}, {0: '0.025', 1: '0.880', 2: '0.094'}]
Post6:{0: 5.8961062233762733e-05, 1: 0.96672635049814726, 2: 0.03321468843961857}
